03.1 219 
02.9 219 
03.2 224 
03.4 229 
03.4 221 
03.0 220 
02.9 209 
03.1 203 
02.9 199 
03.3 229 
03.5 226 
04.1 214 
04.7 201 
04.3 204 
04.0 216 
03.9 225 
03.8 231 
03.9 235 
04.1 210 
03.9 217 
04.1 220 
04.1 216 
04.8 221 
05.4 223 
05.1 214 
04.5 207 
04.3 218 
04.2 228 
04.1 224 
04.2 217 
04.3 220 
04.3 223 
03.9 213 
03.7 197 
03.9 214 
04.0 209 
04.1 211 
04.1 214 
04.1 219 
04.1 223 
03.9 211 
03.8 195 
03.4 199 
04.0 214 
04.4 212 
04.2 196 
04.2 216 
04.1 225 
04.4 227 
04.4 232 
04.4 233 
04.2 234 
04.1 225 
03.8 225 
03.6 229 
03.4 248 
02.9 260 
02.9 245 
02.7 245 
02.6 246 
02.5 244 
02.4 242 
02.1 235 
02.3 233 
02.8 241 
03.0 247 
02.9 235 
02.8 235 
02.9 235 
03.3 244 
02.9 245 
02.9 233 
03.1 239 
03.3 240 
03.4 240 
03.3 247 
03.4 248 
03.4 244 
03.7 239 
03.8 237 
04.0 252 
04.3 232 
04.3 230 
04.3 240 
04.0 248 
03.9 246 
04.0 253 
04.1 250 
03.9 249 
03.7 240 
03.6 224 
03.5 239 
03.6 242 
03.9 234 
03.7 232 
03.1 226 
02.8 231 
02.4 220 
01.8 181 
01.7 200 
02.2 193 
03.2 206 
03.4 188 
03.7 178 
04.6 200 
04.6 189 
04.5 185 
04.7 189 
04.4 194 
04.1 188 
03.6 189 
03.3 196 
03.1 194 
03.5 190 
03.5 194 
03.1 197 
03.1 218 
03.0 200 
02.7 188 
02.6 216 
02.1 224 
01.5 200 
01.2 155 
01.3 128 
01.1 136 
00.9 160 
01.2 178 
02.0 193 
02.3 196 
02.5 163 
03.3 185 
03.2 205 
03.3 181 
03.5 186 
04.2 199 
04.1 179 
03.7 161 
03.1 174 
02.8 165 
02.5 165 
02.1 168 
01.9 180 
01.9 197 
02.1 179 
02.5 181 
02.7 204 
03.1 207 
03.5 185 
03.2 180 
02.8 170 
02.5 147 
02.2 122 
02.0 124 
01.8 144 
01.8 182 
02.0 198 
02.3 188 
02.4 186 
02.3 181 
02.6 170 
03.0 175 
03.2 192 
03.2 192 
03.5 158 
03.6 167 
04.3 179 
03.8 150 
04.6 177 
05.2 164 
05.2 154 
05.3 163 
04.7 163 
04.7 164 
04.1 172 
03.7 181 
03.9 174 
03.8 176 
04.2 181 
04.6 177 
04.8 178 
04.9 175 
05.0 171 
05.1 179 
05.5 179 
05.6 177 
05.5 178 
05.0 174 
04.9 167 
04.7 180 
03.8 183 
03.8 168 
03.9 166 
03.8 189 
03.7 164 
04.2 149 
04.0 156 
03.2 172 
03.2 182 
03.5 173 
03.3 176 
03.5 172 
03.7 176 
03.7 188 
03.5 185 
